4,4,2.7552959919
4,4,2.40633511543
4,4,2.78226518631
4,8,2.63364696503
4,8,3.04456710815
4,8,2.5320110321
4,12,2.77166295052
4,12,2.72987294197
4,12,3.00967407227
4,20,3.01941394806
4,20,2.98864722252
4,20,2.97989082336
4,30,3.34455108643
4,30,3.37390899658
4,30,3.35227298737
8,4,3.6832151413
8,4,3.7223341465
8,4,3.71109700203
8,8,3.91062188148
8,8,3.82611393929
8,8,3.88869690895
8,12,4.21551203728
8,12,4.22692394257
8,12,4.21144485474
8,20,4.62585091591
8,20,4.55172991753
8,20,4.51562905312
8,30,5.0704638958
8,30,5.03626990318
8,30,5.04710793495
12,4,5.15536618233
12,4,5.10194706917
12,4,5.00873398781
12,8,5.30248808861
12,8,5.22859287262
12,8,5.40944004059
12,12,6.69347500801
12,12,5.67636704445
12,12,5.56029486656
12,20,6.04382109642
12,20,6.05196094513
12,20,6.14180707932
12,30,6.51150417328
12,30,6.64447999001
12,30,6.49172711372
20,4,7.77905678749
20,4,8.00945496559
20,4,8.19129085541
20,8,8.03998184204
20,8,8.04743790627
20,8,7.90905690193
20,12,8.44864201546
20,12,8.47468900681
20,12,8.28866100311
20,20,8.78395795822
20,20,8.88447499275
20,20,8.97313904762
20,30,10.0616359711
20,30,9.86482596397
20,30,9.8491089344
30,4,11.1877658367
30,4,11.2054021358
30,4,11.1715400219
30,8,11.7238738537
30,8,11.992292881
30,8,11.5583548546
30,12,12.072232008
30,12,12.3720209599
30,12,12.1158409119
30,20,12.7892661095
30,20,12.8147490025
30,20,12.871532917
30,30,14.319726944
30,30,13.7431271076
30,30,13.913713932
