4,4,3.06934809685
4,4,3.23380899429
4,4,3.73957705498
4,8,5.0636510849
4,8,4.26435804367
4,8,4.23463797569
4,12,7.58747911453
4,12,7.51871299744
4,12,7.49377298355
4,20,13.7147121429
4,20,13.6726222038
4,20,13.6617779732
4,30,28.1902780533
4,30,27.4887189865
4,30,27.2439110279
8,4,5.64907193184
8,4,4.8039329052
8,4,4.97736907005
8,8,7.14309096336
8,8,7.10480690002
8,8,6.97862887383
8,12,13.822163105
8,12,13.964097023
8,12,23.589936018
8,20,38.9502968788
8,20,31.080010891
8,20,23.4914691448
8,30,57.8559801579
8,30,61.8183701038
8,30,46.8369250298
12,4,6.48868608475
12,4,6.43110799789
12,4,6.53103995323
12,8,9.72745490074
12,8,9.58480596542
12,8,9.60953807831
12,12,17.7439491749
12,12,18.3131270409
12,12,17.7855520248
12,20,32.9010500908
12,20,32.7422070503
12,20,33.1182050705
12,30,65.9244711399
12,30,65.9207599163
12,30,65.370828867
20,4,9.6948530674
20,4,9.77580809593
20,4,9.6969730854
20,8,14.8753809929
20,8,14.9334051609
20,8,14.8497750759
20,12,26.4863359928
20,12,26.7561080456
20,12,26.7421929836
20,20,50.9792470932
20,20,50.8690540791
20,20,50.8360888958
20,30,104.194504023
20,30,104.180455923
20,30,103.930753946
30,4,14.0913510323
30,4,14.2869408131
30,4,13.8390479088
30,8,21.3031990528
30,8,21.1587321758
30,8,21.0946750641
30,12,37.6673481464
30,12,37.419798851
30,12,37.4069330692
30,20,73.6021308899
30,20,73.7840950489
30,20,73.7803061008
30,30,152.112441063
30,30,152.033512115
30,30,151.606323004
