4,4,6.95829987526
4,4,7.19828796387
4,4,7.21333193779
4,8,24.6968050003
4,8,24.6751921177
4,8,25.4619119167
4,12,68.6671278477
4,12,68.2932112217
4,4,6.59646105766
4,4,6.39457702637
4,4,6.53336906433
4,8,22.5505890846
4,8,22.8681550026
4,8,22.5321509838
4,12,61.5677881241
4,12,61.3286509514
4,12,61.5609550476
4,20,263.018358946
4,20,256.597450018
4,20,256.501803875
4,30,855.493031025
4,30,853.804745913
4,30,852.555817127
8,4,10.5706720352
8,4,10.5470209122
8,4,10.5626399517
8,8,39.1775829792
8,8,39.1308588982
8,8,39.1881239414
8,12,113.197183847
8,12,113.08632803
8,12,112.906769991
8,20,492.420691967
8,20,495.143932104
8,20,533.839096785
8,30,1694.09794021
8,30,1723.25470996
8,30,1687.35571218
12,4,14.9097290039
12,4,14.7859911919
12,4,14.8105361462
12,8,55.8388729095
12,8,55.4830789566
12,8,55.613312006
12,12,162.958534002
12,12,162.991420984
12,12,163.265726089
12,20,731.64961791
12,20,727.400295973
12,20,732.7565341
12,30,2501.585886
12,30,2506.69643903
12,30,2502.94454312
20,4,23.210873127
20,4,23.1631188393
20,4,23.1393489838
20,8,87.7476899624
20,8,88.069122076
20,8,87.9026911259
20,12,262.981997013
20,12,263.323815107
20,12,262.916496992
20,20,1192.483495
20,20,1192.46508193
20,20,1193.82994699
20,30,4191.79043007
20,30,4096.55582285
20,30,4092.9595108
30,4,34.2642621994
30,4,33.9419951439
30,4,33.8244900703
30,8,128.981868982
30,8,129.153331041
30,8,129.112700939
30,12,390.36508584
30,12,391.024869919
30,12,454.093112946
30,20,1966.6412909
30,20,1942.23473215
30,20,1977.05785108
30,30,6685.82226896
30,30,6319.40089893
30,30,6443.54019293
